2
11
20
23
32
101
110
113
122
131
200
203
212
221
230
233
302
311
320
323
332
1001
1010
1013
1022
1031
1100
1103
1112
1121
1130
1133
1202
1211
1220
1223
1232
1301
1310
1313
1322
1331
2000
2003
2012
2021
2030
2033
2102
2111
2120
2123
2132
2201
2210
2213
2222
2231
2300
2303
2312
2321
2330
3002
3011
3020
3023
3032
3101
3110
3113
3122
3131
3200
3203
3212
3221
3230
3302
3311
3320
10001
10010
10013
10022
10031
10100
10103
10112
10121
10130
10133
10202
10211
10220
10223
10232
10301
10310
10313
10322
10331
11000
11003
11012
11021
11030
11033
11102
11120
11123
11132
11201
11210
11213
11222
11231
11300
11303
11312
11321
11330
12002
12011
12020
12023
12032
12101
12110
12113
12122
12131
12200
12203
12212
12221
12230
12302
12311
12320
13001
13010
13013
13022
13031
13100
13103
13112
13121
13130
13202
13211
13220
13301
13310
20000
20003
20012
20021
20030
20033
20102
20111
20120
20123
20132
20201
20210
20213
20222
20231
20300
20303
20312
20321
20330
21002
21011
21020
21023
21032
21101
21110
21113
21122
21131
21200
21203
21212
21221
21230
21302
21311
21320
22001
22010
22013
22022
22031
22100
22103
22112
22121
22130
22202
22211
22220
22301
22310
23000
23003
23012
23021
23030
23102
23111
23120
23201
23210
23300
30002
30011
30020
30023
30032
30101
30110
30113
30122
30131
30200
30203
30212
30221
30230
30302
30311
30320
31001
31010
31013
31022
31031
31100
31103
31112
31121
31130
31202
31211
31220
31301
31310
32000
32003
32012
32021
32030
32102
32111
32120
32201
32210
32300
33002
33011
33020
33101
33110
33200
100001
100010
100013
100022
100031
100100
100103
100112
100121
100130
100133
100202
100211
100220
100223
100232
100301
100310
100313
100322
100331
101000
101003
101012
101021
101030
101033
101102
101120
101123
101132
101201
101210
101213
101222
101231
101300
101303
101312
101321
101330
102002
102011
102020
102023
102032
102101
102110
102113
102122
102131
102200
102203
102212
102221
102230
102302
102311
102320
103001
103010
103013
103022
103031
103100
103103
103112
103121
103130
103202
103211
103220
103301
103310
110000
110003
110012
110021
110030
110033
110102
110120
110123
110132
110201
110210
110213
110222
110231
110300
110303
110312
110321
110330
111002
111020
111023
111032
111200
111203
111230
111302
111320
112001
112010
112013
112022
112031
112100
112103
112130
112202
112220
112301
112310
113000
113003
113012
113021
113030
113102
113120
113201
113210
113300
120002
120011
120020
120023
120032
120101
120110
120113
120122
120131
120200
120203
120212
120221
120230
120302
120311
120320
121001
121010
121013
121022
121031
121100
121103
121130
121202
121220
121301
121310
122000
122003
122012
122021
122030
122102
122120
122201
122210
122300
123002
123011
123020
123101
123110
123200
130001
130010
130013
130022
130031
130100
130103
130112
130121
130130
130202
130211
130220
130301
130310
131000
131003
131012
131021
131030
131102
131120
131201
131210
131300
132002
132011
132020
132101
132110
132200
133001
133010
133100
200000
200003
200012
200021
200030
200033
200102
200111
200120
200123
200132
200201
200210
200213
200222
200231
200300
200303
200312
200321
200330
201002
201011
201020
201023
201032
201101
201110
201113
201122
201131
201200
201203
201212
201221
201230
201302
201311
201320
202001
202010
202013
202022
202031
202100
202103
202112
202121
202130
202202
202211
202220
202301
202310
203000
203003
203012
203021
203030
203102
203111
203120
203201
203210
203300
210002
210011
210020
210023
210032
210101
210110
210113
210122
210131
210200
210203
210212
210221
210230
210302
210311
210320
211001
211010
211013
211022
211031
211100
211103
211130
211202
211220
211301
211310
212000
212003
212012
212021
212030
212102
212120
212201
212210
212300
213002
213011
213020
213101
213110
213200
220001
220010
220013
220022
220031
220100
220103
220112
220121
220130
220202
220211
220220
220301
220310
221000
221003
221012
221021
221030
221102
221120
221201
221210
221300
222002
222011
222020
222101
222110
222200
223001
223010
223100
230000
230003
230012
230021
230030
230102
230111
230120
230201
230210
230300
231002
231011
231020
231101
231110
231200
232001
232010
232100
233000
300002
300011
300020
300023
300032
300101
300110
300113
300122
300131
300200
300203
300212
300221
300230
300302
300311
300320
301001
301010
301013
301022
301031
301100
301103
301112
301121
301130
301202
301211
301220
301301
301310
302000
302003
302012
302021
302030
302102
302111
302120
302201
302210
302300
303002
303011
303020
303101
303110
303200
310001
310010
310013
310022
310031
310100
310103
310112
310121
310130
310202
310211
310220
310301
310310
311000
311003
311012
311021
311030
311102
311120
311201
311210
311300
312002
312011
312020
312101
312110
312200
313001
313010
313100
320000
320003
320012
320021
320030
320102
320111
320120
320201
320210
320300
321002
321011
321020
321101
321110
321200
322001
322010
322100
323000
330002
330011
330020
330101
330110
330200
331001
331010
331100
332000
1000001
1000010
1000013
1000022
1000031
1000100
1000103
1000112
1000121
1000130
1000133
1000202
1000211
1000220
1000223
1000232
1000301
1000310
1000313
1000322
1000331
1001000
1001003
1001012
1001021
1001030
1001033
1001102
1001120
1001123
1001132
1001201
1001210
1001213
1001222
1001231
1001300
1001303
1001312
1001321
1001330
1002002
1002011
1002020
1002023
1002032
1002101
1002110
1002113
1002122
1002131
1002200
1002203
1002212
1002221
1002230
1002302
1002311
1002320
1003001
1003010
1003013
1003022
1003031
1003100
1003103
1003112
1003121
1003130
1003202
1003211
1003220
1003301
1003310
1010000
1010003
1010012
1010021
1010030
1010033
1010102
1010120
1010123
1010132
1010201
1010210
1010213
1010222
1010231
1010300
1010303
1010312
1010321
1010330
1011002
1011020
1011023
1011032
1011200
1011203
1011230
1011302
1011320
1012001
1012010
1012013
1012022
1012031
1012100
1012103
1012130
1012202
1012220
1012301
1012310
1013000
1013003
1013012
1013021
1013030
1013102
1013120
1013201
1013210
1013300
1020002
1020011
1020020
1020023
1020032
1020101
1020110
1020113
1020122
1020131
1020200
1020203
1020212
1020221
1020230
1020302
1020311
1020320
1021001
1021010
1021013
1021022
1021031
1021100
1021103
1021130
1021202
1021220
1021301
1021310
1022000
1022003
1022012
1022021
1022030
1022102
1022120
1022201
1022210
1022300
1023002
1023011
1023020
1023101
1023110
1023200
1030001
1030010
1030013
1030022
1030031
1030100
1030103
1030112
1030121
1030130
1030202
1030211
1030220
1030301
1030310
1031000
1031003
1031012
1031021
1031030
1031102
1031120
1031201
1031210
1031300
1032002
1032011
1032020
1032101
1032110
1032200
1033001
1033010
1033100
1100000
1100003
1100012
1100021
1100030
1100033
1100102
1100120
1100123
1100132
1100201
1100210
1100213
1100222
1100231
1100300
1100303
1100312
1100321
1100330
1101002
1101020
1101023
1101032
1101200
1101203
1101230
1101302
1101320
1102001
1102010
1102013
1102022
1102031
1102100
1102103
1102130
1102202
1102220
1102301
1102310
1103000
1103003
1103012
1103021
1103030
1103102
1103120
1103201
1103210
1103300
1110002
1110020
1110023
1110032
1110200
1110203
1110230
1110302
1110320
1112000
1112003
1112030
1112300
1113002
1113020
1113200
1120001
1120010
1120013
1120022
1120031
1120100
1120103
1120130
1120202
1120220
1120301
1120310
1121000
1121003
1121030
1121300
1122002
1122020
1122200
1123001
1123010
1123100
1130000
1130003
1130012
1130021
1130030
1130102
1130120
1130201
1130210
1130300
1131002
1131020
1131200
1132001
1132010
1132100
1133000
1200002
1200011
1200020
1200023
1200032
1200101
1200110
1200113
1200122
1200131
1200200
1200203
1200212
1200221
1200230
1200302
1200311
1200320
1201001
1201010
1201013
1201022
1201031
1201100
1201103
1201130
1201202
1201220
1201301
1201310
1202000
1202003
1202012
1202021
1202030
1202102
1202120
1202201
1202210
1202300
1203002
1203011
1203020
1203101
1203110
1203200
1210001
1210010
1210013
1210022
1210031
1210100
1210103
1210130
1210202
1210220
1210301
1210310
1211000
1211003
1211030
1211300
1212002
1212020
1212200
1213001
1213010
1213100
1220000
1220003
1220012
1220021
1220030
1220102
1220120
1220201
1220210
1220300
1221002
1221020
1221200
1222001
1222010
1222100
1223000
1230002
1230011
1230020
1230101
1230110
1230200
1231001
1231010
1231100
1232000
1300001
1300010
1300013
1300022
1300031
1300100
1300103
1300112
1300121
1300130
1300202
1300211
1300220
1300301
1300310
1301000
1301003
1301012
1301021
1301030
1301102
1301120
1301201
1301210
1301300
1302002
1302011
1302020
1302101
1302110
1302200
1303001
1303010
1303100
1310000
1310003
1310012
1310021
1310030
1310102
1310120
1310201
1310210
1310300
1311002
1311020
1311200
1312001
1312010
1312100
1313000
1320002
1320011
1320020
1320101
1320110
1320200
1321001
1321010
1321100
1322000
1330001
1330010
1330100
1331000
2000000
2000003
2000012
2000021
2000030
2000033
2000102
2000111
2000120
2000123
2000132
2000201
2000210
2000213
2000222
2000231
2000300
2000303
2000312
2000321
2000330
2001002
2001011
2001020
2001023
2001032
2001101
2001110
2001113
2001122
2001131
2001200
2001203
2001212
2001221
2001230
2001302
2001311
2001320
2002001
2002010
2002013
2002022
2002031
2002100
2002103
2002112
2002121
2002130
2002202
2002211
2002220
2002301
2002310
2003000
2003003
2003012
2003021
2003030
2003102
2003111
2003120
2003201
2003210
2003300
2010002
2010011
2010020
2010023
2010032
2010101
2010110
2010113
2010122
2010131
2010200
2010203
2010212
2010221
2010230
2010302
2010311
2010320
2011001
2011010
2011013
2011022
2011031
2011100
2011103
2011130
2011202
2011220
2011301
2011310
2012000
2012003
2012012
2012021
2012030
2012102
2012120
2012201
2012210
2012300
2013002
2013011
2013020
2013101
2013110
2013200
2020001
2020010
2020013
2020022
2020031
2020100
2020103
2020112
2020121
2020130
2020202
2020211
2020220
2020301
2020310
2021000
2021003
2021012
2021021
2021030
2021102
2021120
2021201
2021210
2021300
2022002
2022011
2022020
2022101
2022110
2022200
2023001
2023010
2023100
2030000
2030003
2030012
2030021
2030030
2030102
2030111
2030120
2030201
2030210
2030300
2031002
2031011
2031020
2031101
2031110
2031200
2032001
2032010
2032100
2033000
2100002
2100011
2100020
2100023
2100032
2100101
2100110
2100113
2100122
2100131
2100200
2100203
2100212
2100221
2100230
2100302
2100311
2100320
2101001
2101010
2101013
2101022
2101031
2101100
2101103
2101130
2101202
2101220
2101301
2101310
2102000
2102003
2102012
2102021
2102030
2102102
2102120
2102201
2102210
2102300
2103002
2103011
2103020
2103101
2103110
2103200
2110001
2110010
2110013
2110022
2110031
2110100
2110103
2110130
2110202
2110220
2110301
2110310
2111000
2111003
2111030
2111300
2112002
2112020
2112200
2113001
2113010
2113100
2120000
2120003
2120012
2120021
2120030
2120102
2120120
2120201
2120210
2120300
2121002
2121020
2121200
2122001
2122010
2122100
2123000
2130002
2130011
2130020
2130101
2130110
2130200
2131001
2131010
2131100
2132000
2200001
2200010
2200013
2200022
2200031
2200100
2200103
2200112
2200121
2200130
2200202
2200211
2200220
2200301
2200310
2201000
2201003
2201012
2201021
2201030
2201102
2201120
2201201
2201210
2201300
2202002
2202011
2202020
2202101
2202110
2202200
2203001
2203010
2203100
2210000
2210003
2210012
2210021
2210030
2210102
2210120
2210201
2210210
2210300
2211002
2211020
2211200
2212001
2212010
2212100
2213000
2220002
2220011
2220020
2220101
2220110
2220200
2221001
2221010
2221100
2222000
2230001
2230010
2230100
2231000
2300000
2300003
2300012
2300021
2300030
2300102
2300111
2300120
2300201
2300210
2300300
2301002
2301011
2301020
2301101
2301110
2301200
2302001
2302010
2302100
2303000
2310002
2310011
2310020
2310101
2310110
2310200
2311001
2311010
2311100
2312000
2320001
2320010
2320100
2321000
2330000
3000002
3000011
3000020
3000023
3000032
3000101
3000110
3000113
3000122
3000131
3000200
3000203
3000212
3000221
3000230
3000302
3000311
3000320
3001001
3001010
3001013
3001022
3001031
3001100
3001103
3001112
3001121
3001130
3001202
3001211
3001220
3001301
3001310
3002000
3002003
3002012
3002021
3002030
3002102
3002111
3002120
3002201
3002210
3002300
3003002
3003011
3003020
3003101
3003110
3003200
3010001
3010010
3010013
3010022
3010031
3010100
3010103
3010112
3010121
3010130
3010202
3010211
3010220
3010301
3010310
3011000
3011003
3011012
3011021
3011030
3011102
3011120
3011201
3011210
3011300
3012002
3012011
3012020
3012101
3012110
3012200
3013001
3013010
3013100
3020000
3020003
3020012
3020021
3020030
3020102
3020111
3020120
3020201
3020210
3020300
3021002
3021011
3021020
3021101
3021110
3021200
3022001
3022010
3022100
3023000
3030002
3030011
3030020
3030101
3030110
3030200
3031001
3031010
3031100
3032000
3100001
3100010
3100013
3100022
3100031
3100100
3100103
3100112
3100121
3100130
3100202
3100211
3100220
3100301
3100310
3101000
3101003
3101012
3101021
3101030
3101102
3101120
3101201
3101210
3101300
3102002
3102011
3102020
3102101
3102110
3102200
3103001
3103010
3103100
3110000
3110003
3110012
3110021
3110030
3110102
3110120
3110201
3110210
3110300
3111002
3111020
3111200
3112001
3112010
3112100
3113000
3120002
3120011
3120020
3120101
3120110
3120200
3121001
3121010
3121100
3122000
3130001
3130010
3130100
3131000
3200000
3200003
3200012
3200021
3200030
3200102
3200111
3200120
3200201
3200210
3200300
3201002
3201011
3201020
3201101
3201110
3201200
3202001
3202010
3202100
3203000
3210002
3210011
3210020
3210101
3210110
3210200
3211001
3211010
3211100
3212000
3220001
3220010
3220100
3221000
3230000
3300002
3300011
3300020
3300101
3300110
3300200
3301001
3301010
3301100
3302000
3310001
3310010
3310100
3311000
3320000
