0
3
12
21
30
33
102
111
120
123
132
201
210
213
222
231
300
303
312
321
330
333
1002
1011
1020
1023
1032
1101
1110
1113
1122
1131
1200
1203
1212
1221
1230
1233
1302
1311
1320
1323
1332
2001
2010
2013
2022
2031
2100
2103
2112
2121
2130
2133
2202
2211
2220
2223
2232
2301
2310
2313
2322
2331
3000
3003
3012
3021
3030
3033
3102
3111
3120
3123
3132
3201
3210
3213
3222
3231
3300
3303
3312
3321
3330
10002
10011
10020
10023
10032
10101
10110
10113
10122
10131
10200
10203
10212
10221
10230
10233
10302
10311
10320
10323
10332
11001
11010
11013
11022
11031
11100
11103
11130
11133
11202
11220
11223
11232
11301
11310
11313
11322
11331
12000
12003
12012
12021
12030
12033
12102
12120
12123
12132
12201
12210
12213
12222
12231
12300
12303
12312
12321
12330
13002
13011
13020
13023
13032
13101
13110
13113
13122
13131
13200
13203
13212
13221
13230
13302
13311
13320
20001
20010
20013
20022
20031
20100
20103
20112
20121
20130
20133
20202
20211
20220
20223
20232
20301
20310
20313
20322
20331
21000
21003
21012
21021
21030
21033
21102
21120
21123
21132
21201
21210
21213
21222
21231
21300
21303
21312
21321
21330
22002
22011
22020
22023
22032
22101
22110
22113
22122
22131
22200
22203
22212
22221
22230
22302
22311
22320
23001
23010
23013
23022
23031
23100
23103
23112
23121
23130
23202
23211
23220
23301
23310
30000
30003
30012
30021
30030
30033
30102
30111
30120
30123
30132
30201
30210
30213
30222
30231
30300
30303
30312
30321
30330
31002
31011
31020
31023
31032
31101
31110
31113
31122
31131
31200
31203
31212
31221
31230
31302
31311
31320
32001
32010
32013
32022
32031
32100
32103
32112
32121
32130
32202
32211
32220
32301
32310
33000
33003
33012
33021
33030
33102
33111
33120
33201
33210
33300
100002
100011
100020
100023
100032
100101
100110
100113
100122
100131
100200
100203
100212
100221
100230
100233
100302
100311
100320
100323
100332
101001
101010
101013
101022
101031
101100
101103
101130
101133
101202
101220
101223
101232
101301
101310
101313
101322
101331
102000
102003
102012
102021
102030
102033
102102
102120
102123
102132
102201
102210
102213
102222
102231
102300
102303
102312
102321
102330
103002
103011
103020
103023
103032
103101
103110
103113
103122
103131
103200
103203
103212
103221
103230
103302
103311
103320
110001
110010
110013
110022
110031
110100
110103
110130
110133
110202
110220
110223
110232
110301
110310
110313
110322
110331
111000
111003
111030
111033
111300
111303
111330
112002
112020
112023
112032
112200
112203
112230
112302
112320
113001
113010
113013
113022
113031
113100
113103
113130
113202
113220
113301
113310
120000
120003
120012
120021
120030
120033
120102
120120
120123
120132
120201
120210
120213
120222
120231
120300
120303
120312
120321
120330
121002
121020
121023
121032
121200
121203
121230
121302
121320
122001
122010
122013
122022
122031
122100
122103
122130
122202
122220
122301
122310
123000
123003
123012
123021
123030
123102
123120
123201
123210
123300
130002
130011
130020
130023
130032
130101
130110
130113
130122
130131
130200
130203
130212
130221
130230
130302
130311
130320
131001
131010
131013
131022
131031
131100
131103
131130
131202
131220
131301
131310
132000
132003
132012
132021
132030
132102
132120
132201
132210
132300
133002
133011
133020
133101
133110
133200
200001
200010
200013
200022
200031
200100
200103
200112
200121
200130
200133
200202
200211
200220
200223
200232
200301
200310
200313
200322
200331
201000
201003
201012
201021
201030
201033
201102
201120
201123
201132
201201
201210
201213
201222
201231
201300
201303
201312
201321
201330
202002
202011
202020
202023
202032
202101
202110
202113
202122
202131
202200
202203
202212
202221
202230
202302
202311
202320
203001
203010
203013
203022
203031
203100
203103
203112
203121
203130
203202
203211
203220
203301
203310
210000
210003
210012
210021
210030
210033
210102
210120
210123
210132
210201
210210
210213
210222
210231
210300
210303
210312
210321
210330
211002
211020
211023
211032
211200
211203
211230
211302
211320
212001
212010
212013
212022
212031
212100
212103
212130
212202
212220
212301
212310
213000
213003
213012
213021
213030
213102
213120
213201
213210
213300
220002
220011
220020
220023
220032
220101
220110
220113
220122
220131
220200
220203
220212
220221
220230
220302
220311
220320
221001
221010
221013
221022
221031
221100
221103
221130
221202
221220
221301
221310
222000
222003
222012
222021
222030
222102
222120
222201
222210
222300
223002
223011
223020
223101
223110
223200
230001
230010
230013
230022
230031
230100
230103
230112
230121
230130
230202
230211
230220
230301
230310
231000
231003
231012
231021
231030
231102
231120
231201
231210
231300
232002
232011
232020
232101
232110
232200
233001
233010
233100
300000
300003
300012
300021
300030
300033
300102
300111
300120
300123
300132
300201
300210
300213
300222
300231
300300
300303
300312
300321
300330
301002
301011
301020
301023
301032
301101
301110
301113
301122
301131
301200
301203
301212
301221
301230
301302
301311
301320
302001
302010
302013
302022
302031
302100
302103
302112
302121
302130
302202
302211
302220
302301
302310
303000
303003
303012
303021
303030
303102
303111
303120
303201
303210
303300
310002
310011
310020
310023
310032
310101
310110
310113
310122
310131
310200
310203
310212
310221
310230
310302
310311
310320
311001
311010
311013
311022
311031
311100
311103
311130
311202
311220
311301
311310
312000
312003
312012
312021
312030
312102
312120
312201
312210
312300
313002
313011
313020
313101
313110
313200
320001
320010
320013
320022
320031
320100
320103
320112
320121
320130
320202
320211
320220
320301
320310
321000
321003
321012
321021
321030
321102
321120
321201
321210
321300
322002
322011
322020
322101
322110
322200
323001
323010
323100
330000
330003
330012
330021
330030
330102
330111
330120
330201
330210
330300
331002
331011
331020
331101
331110
331200
332001
332010
332100
333000
1000002
1000011
1000020
1000023
1000032
1000101
1000110
1000113
1000122
1000131
1000200
1000203
1000212
1000221
1000230
1000233
1000302
1000311
1000320
1000323
1000332
1001001
1001010
1001013
1001022
1001031
1001100
1001103
1001130
1001133
1001202
1001220
1001223
1001232
1001301
1001310
1001313
1001322
1001331
1002000
1002003
1002012
1002021
1002030
1002033
1002102
1002120
1002123
1002132
1002201
1002210
1002213
1002222
1002231
1002300
1002303
1002312
1002321
1002330
1003002
1003011
1003020
1003023
1003032
1003101
1003110
1003113
1003122
1003131
1003200
1003203
1003212
1003221
1003230
1003302
1003311
1003320
1010001
1010010
1010013
1010022
1010031
1010100
1010103
1010130
1010133
1010202
1010220
1010223
1010232
1010301
1010310
1010313
1010322
1010331
1011000
1011003
1011030
1011033
1011300
1011303
1011330
1012002
1012020
1012023
1012032
1012200
1012203
1012230
1012302
1012320
1013001
1013010
1013013
1013022
1013031
1013100
1013103
1013130
1013202
1013220
1013301
1013310
1020000
1020003
1020012
1020021
1020030
1020033
1020102
1020120
1020123
1020132
1020201
1020210
1020213
1020222
1020231
1020300
1020303
1020312
1020321
1020330
1021002
1021020
1021023
1021032
1021200
1021203
1021230
1021302
1021320
1022001
1022010
1022013
1022022
1022031
1022100
1022103
1022130
1022202
1022220
1022301
1022310
1023000
1023003
1023012
1023021
1023030
1023102
1023120
1023201
1023210
1023300
1030002
1030011
1030020
1030023
1030032
1030101
1030110
1030113
1030122
1030131
1030200
1030203
1030212
1030221
1030230
1030302
1030311
1030320
1031001
1031010
1031013
1031022
1031031
1031100
1031103
1031130
1031202
1031220
1031301
1031310
1032000
1032003
1032012
1032021
1032030
1032102
1032120
1032201
1032210
1032300
1033002
1033011
1033020
1033101
1033110
1033200
1100001
1100010
1100013
1100022
1100031
1100100
1100103
1100130
1100133
1100202
1100220
1100223
1100232
1100301
1100310
1100313
1100322
1100331
1101000
1101003
1101030
1101033
1101300
1101303
1101330
1102002
1102020
1102023
1102032
1102200
1102203
1102230
1102302
1102320
1103001
1103010
1103013
1103022
1103031
1103100
1103103
1103130
1103202
1103220
1103301
1103310
1110000
1110003
1110030
1110033
1110300
1110303
1110330
1113000
1113003
1113030
1113300
1120002
1120020
1120023
1120032
1120200
1120203
1120230
1120302
1120320
1122000
1122003
1122030
1122300
1123002
1123020
1123200
1130001
1130010
1130013
1130022
1130031
1130100
1130103
1130130
1130202
1130220
1130301
1130310
1131000
1131003
1131030
1131300
1132002
1132020
1132200
1133001
1133010
1133100
1200000
1200003
1200012
1200021
1200030
1200033
1200102
1200120
1200123
1200132
1200201
1200210
1200213
1200222
1200231
1200300
1200303
1200312
1200321
1200330
1201002
1201020
1201023
1201032
1201200
1201203
1201230
1201302
1201320
1202001
1202010
1202013
1202022
1202031
1202100
1202103
1202130
1202202
1202220
1202301
1202310
1203000
1203003
1203012
1203021
1203030
1203102
1203120
1203201
1203210
1203300
1210002
1210020
1210023
1210032
1210200
1210203
1210230
1210302
1210320
1212000
1212003
1212030
1212300
1213002
1213020
1213200
1220001
1220010
1220013
1220022
1220031
1220100
1220103
1220130
1220202
1220220
1220301
1220310
1221000
1221003
1221030
1221300
1222002
1222020
1222200
1223001
1223010
1223100
1230000
1230003
1230012
1230021
1230030
1230102
1230120
1230201
1230210
1230300
1231002
1231020
1231200
1232001
1232010
1232100
1233000
1300002
1300011
1300020
1300023
1300032
1300101
1300110
1300113
1300122
1300131
1300200
1300203
1300212
1300221
1300230
1300302
1300311
1300320
1301001
1301010
1301013
1301022
1301031
1301100
1301103
1301130
1301202
1301220
1301301
1301310
1302000
1302003
1302012
1302021
1302030
1302102
1302120
1302201
1302210
1302300
1303002
1303011
1303020
1303101
1303110
1303200
1310001
1310010
1310013
1310022
1310031
1310100
1310103
1310130
1310202
1310220
1310301
1310310
1311000
1311003
1311030
1311300
1312002
1312020
1312200
1313001
1313010
1313100
1320000
1320003
1320012
1320021
1320030
1320102
1320120
1320201
1320210
1320300
1321002
1321020
1321200
1322001
1322010
1322100
1323000
1330002
1330011
1330020
1330101
1330110
1330200
1331001
1331010
1331100
1332000
2000001
2000010
2000013
2000022
2000031
2000100
2000103
2000112
2000121
2000130
2000133
2000202
2000211
2000220
2000223
2000232
2000301
2000310
2000313
2000322
2000331
2001000
2001003
2001012
2001021
2001030
2001033
2001102
2001120
2001123
2001132
2001201
2001210
2001213
2001222
2001231
2001300
2001303
2001312
2001321
2001330
2002002
2002011
2002020
2002023
2002032
2002101
2002110
2002113
2002122
2002131
2002200
2002203
2002212
2002221
2002230
2002302
2002311
2002320
2003001
2003010
2003013
2003022
2003031
2003100
2003103
2003112
2003121
2003130
2003202
2003211
2003220
2003301
2003310
2010000
2010003
2010012
2010021
2010030
2010033
2010102
2010120
2010123
2010132
2010201
2010210
2010213
2010222
2010231
2010300
2010303
2010312
2010321
2010330
2011002
2011020
2011023
2011032
2011200
2011203
2011230
2011302
2011320
2012001
2012010
2012013
2012022
2012031
2012100
2012103
2012130
2012202
2012220
2012301
2012310
2013000
2013003
2013012
2013021
2013030
2013102
2013120
2013201
2013210
2013300
2020002
2020011
2020020
2020023
2020032
2020101
2020110
2020113
2020122
2020131
2020200
2020203
2020212
2020221
2020230
2020302
2020311
2020320
2021001
2021010
2021013
2021022
2021031
2021100
2021103
2021130
2021202
2021220
2021301
2021310
2022000
2022003
2022012
2022021
2022030
2022102
2022120
2022201
2022210
2022300
2023002
2023011
2023020
2023101
2023110
2023200
2030001
2030010
2030013
2030022
2030031
2030100
2030103
2030112
2030121
2030130
2030202
2030211
2030220
2030301
2030310
2031000
2031003
2031012
2031021
2031030
2031102
2031120
2031201
2031210
2031300
2032002
2032011
2032020
2032101
2032110
2032200
2033001
2033010
2033100
2100000
2100003
2100012
2100021
2100030
2100033
2100102
2100120
2100123
2100132
2100201
2100210
2100213
2100222
2100231
2100300
2100303
2100312
2100321
2100330
2101002
2101020
2101023
2101032
2101200
2101203
2101230
2101302
2101320
2102001
2102010
2102013
2102022
2102031
2102100
2102103
2102130
2102202
2102220
2102301
2102310
2103000
2103003
2103012
2103021
2103030
2103102
2103120
2103201
2103210
2103300
2110002
2110020
2110023
2110032
2110200
2110203
2110230
2110302
2110320
2112000
2112003
2112030
2112300
2113002
2113020
2113200
2120001
2120010
2120013
2120022
2120031
2120100
2120103
2120130
2120202
2120220
2120301
2120310
2121000
2121003
2121030
2121300
2122002
2122020
2122200
2123001
2123010
2123100
2130000
2130003
2130012
2130021
2130030
2130102
2130120
2130201
2130210
2130300
2131002
2131020
2131200
2132001
2132010
2132100
2133000
2200002
2200011
2200020
2200023
2200032
2200101
2200110
2200113
2200122
2200131
2200200
2200203
2200212
2200221
2200230
2200302
2200311
2200320
2201001
2201010
2201013
2201022
2201031
2201100
2201103
2201130
2201202
2201220
2201301
2201310
2202000
2202003
2202012
2202021
2202030
2202102
2202120
2202201
2202210
2202300
2203002
2203011
2203020
2203101
2203110
2203200
2210001
2210010
2210013
2210022
2210031
2210100
2210103
2210130
2210202
2210220
2210301
2210310
2211000
2211003
2211030
2211300
2212002
2212020
2212200
2213001
2213010
2213100
2220000
2220003
2220012
2220021
2220030
2220102
2220120
2220201
2220210
2220300
2221002
2221020
2221200
2222001
2222010
2222100
2223000
2230002
2230011
2230020
2230101
2230110
2230200
2231001
2231010
2231100
2232000
2300001
2300010
2300013
2300022
2300031
2300100
2300103
2300112
2300121
2300130
2300202
2300211
2300220
2300301
2300310
2301000
2301003
2301012
2301021
2301030
2301102
2301120
2301201
2301210
2301300
2302002
2302011
2302020
2302101
2302110
2302200
2303001
2303010
2303100
2310000
2310003
2310012
2310021
2310030
2310102
2310120
2310201
2310210
2310300
2311002
2311020
2311200
2312001
2312010
2312100
2313000
2320002
2320011
2320020
2320101
2320110
2320200
2321001
2321010
2321100
2322000
2330001
2330010
2330100
2331000
3000000
3000003
3000012
3000021
3000030
3000033
3000102
3000111
3000120
3000123
3000132
3000201
3000210
3000213
3000222
3000231
3000300
3000303
3000312
3000321
3000330
3001002
3001011
3001020
3001023
3001032
3001101
3001110
3001113
3001122
3001131
3001200
3001203
3001212
3001221
3001230
3001302
3001311
3001320
3002001
3002010
3002013
3002022
3002031
3002100
3002103
3002112
3002121
3002130
3002202
3002211
3002220
3002301
3002310
3003000
3003003
3003012
3003021
3003030
3003102
3003111
3003120
3003201
3003210
3003300
3010002
3010011
3010020
3010023
3010032
3010101
3010110
3010113
3010122
3010131
3010200
3010203
3010212
3010221
3010230
3010302
3010311
3010320
3011001
3011010
3011013
3011022
3011031
3011100
3011103
3011130
3011202
3011220
3011301
3011310
3012000
3012003
3012012
3012021
3012030
3012102
3012120
3012201
3012210
3012300
3013002
3013011
3013020
3013101
3013110
3013200
3020001
3020010
3020013
3020022
3020031
3020100
3020103
3020112
3020121
3020130
3020202
3020211
3020220
3020301
3020310
3021000
3021003
3021012
3021021
3021030
3021102
3021120
3021201
3021210
3021300
3022002
3022011
3022020
3022101
3022110
3022200
3023001
3023010
3023100
3030000
3030003
3030012
3030021
3030030
3030102
3030111
3030120
3030201
3030210
3030300
3031002
3031011
3031020
3031101
3031110
3031200
3032001
3032010
3032100
3033000
3100002
3100011
3100020
3100023
3100032
3100101
3100110
3100113
3100122
3100131
3100200
3100203
3100212
3100221
3100230
3100302
3100311
3100320
3101001
3101010
3101013
3101022
3101031
3101100
3101103
3101130
3101202
3101220
3101301
3101310
3102000
3102003
3102012
3102021
3102030
3102102
3102120
3102201
3102210
3102300
3103002
3103011
3103020
3103101
3103110
3103200
3110001
3110010
3110013
3110022
3110031
3110100
3110103
3110130
3110202
3110220
3110301
3110310
3111000
3111003
3111030
3111300
3112002
3112020
3112200
3113001
3113010
3113100
3120000
3120003
3120012
3120021
3120030
3120102
3120120
3120201
3120210
3120300
3121002
3121020
3121200
3122001
3122010
3122100
3123000
3130002
3130011
3130020
3130101
3130110
3130200
3131001
3131010
3131100
3132000
3200001
3200010
3200013
3200022
3200031
3200100
3200103
3200112
3200121
3200130
3200202
3200211
3200220
3200301
3200310
3201000
3201003
3201012
3201021
3201030
3201102
3201120
3201201
3201210
3201300
3202002
3202011
3202020
3202101
3202110
3202200
3203001
3203010
3203100
3210000
3210003
3210012
3210021
3210030
3210102
3210120
3210201
3210210
3210300
3211002
3211020
3211200
3212001
3212010
3212100
3213000
3220002
3220011
3220020
3220101
3220110
3220200
3221001
3221010
3221100
3222000
3230001
3230010
3230100
3231000
3300000
3300003
3300012
3300021
3300030
3300102
3300111
3300120
3300201
3300210
3300300
3301002
3301011
3301020
3301101
3301110
3301200
3302001
3302010
3302100
3303000
3310002
3310011
3310020
3310101
3310110
3310200
3311001
3311010
3311100
3312000
3320001
3320010
3320100
3321000
3330000
